1 2 3 4 5 
1 6 7 
1 8 
1 9 10 
11 12 13 
14 15 
16 17 18 19 
14 20 21 
13 14 22 23 
13 24 25 26 
15 27 
28 29 
30 31 
15 32 
15 33 
24 34 
35 36 
24 37 
38 39 
14 15 24 
16 40 41 
15 20 42 
14 22 43 44 45 46 
15 25 
15 27 
28 29 
28 45 47 
30 42 48 
15 
15 32 49 
15 33 
50 51 52 53 
50 54 55 56 
9 
24 35 57 
24 37 58 
24 
24 29 59 
24 38 39 
24 60 61 
1 61 62 63 
1 6 64 
6 65 66 
9 42 
29 61 67 
24 68 69 
24 62 68 70 
1 62 71 72 
1 11 73 74 
9 
9 75 76 77 
14 15 61 78 
14 77 79 80 
14 16 22 
14 81 
14 24 40 82 
40 82 83 
14 61 
40 82 83 
14 61 84 
14 77 85 
15 27 
15 27 59 80 86 
15 87 
61 88 
28 47 
3 28 89 90 
30 87 91 
28 30 31 92 
88 93 
88 93 94 
15 32 
14 95 
31 33 
88 96 
51 52 
51 52 85 
54 55 59 97 98 
54 59 97 
24 34 99 
9 100 
35 53 57 101 
35 36 
37 61 
3 4 37 73 
102 
62 68 
85 103 
22 67 
69 85 
75 85 104 105 
106 
38 39 61 
1 2 3 4 5 
1 6 7 
1 8 
1 9 10 
11 12 13 
14 15 
16 17 18 19 
14 20 21 
13 14 22 23 
13 24 25 26 
15 27 
28 29 
30 31 
15 32 
15 33 
24 34 
35 36 
24 37 
38 39 
14 15 24 
16 40 41 
15 20 42 
14 22 43 44 45 46 
15 25 
15 27 
28 29 
28 45 47 
30 42 48 
15 
15 32 49 
15 33 
50 51 52 53 
50 54 55 56 
9 
24 35 57 
24 37 58 
24 
24 29 59 
24 38 39 
24 60 61 
1 61 62 63 
1 6 64 
6 65 66 
9 42 
29 61 67 
24 68 69 
24 62 68 70 
1 62 71 72 
1 11 73 74 
9 
9 75 76 77 
14 15 61 78 
14 77 79 80 
14 16 22 
14 81 
14 24 40 82 
40 82 83 
14 61 
40 82 83 
14 61 84 
14 77 85 
15 27 
15 27 59 80 86 
15 87 
61 88 
28 47 
3 28 89 90 
30 87 91 
28 30 31 92 
88 93 
88 93 94 
15 32 
14 95 
31 33 
88 96 
51 52 
51 52 85 
54 55 59 97 98 
54 59 97 
24 34 99 
9 100 
35 53 57 101 
35 36 
37 61 
3 4 37 73 
102 
62 68 
85 103 
22 67 
69 85 
75 85 104 105 
106 
38 39 61 
1 2 3 4 5 
1 6 7 
1 8 
1 9 10 
11 12 13 
14 15 
16 17 18 19 
14 20 21 
13 14 22 23 
13 24 25 26 
15 27 
28 29 
30 31 
15 32 
15 33 
24 34 
35 36 
24 37 
38 39 
14 15 24 
16 40 41 
15 20 42 
14 22 43 44 45 46 
15 25 
15 27 
28 29 
28 45 47 
30 42 48 
15 
15 32 49 
15 33 
50 51 52 53 
50 54 55 56 
9 
24 35 57 
24 37 58 
24 
24 29 59 
24 38 39 
24 60 61 
1 61 62 63 
1 6 64 
6 65 66 
9 42 
29 61 67 
24 68 69 
24 62 68 70 
1 62 71 72 
1 11 73 74 
9 
9 75 76 77 
14 15 61 78 
14 77 79 80 
14 16 22 
14 81 
14 24 40 82 
40 82 83 
14 61 
40 82 83 
14 61 84 
14 77 85 
15 27 
15 27 59 80 86 
15 87 
61 88 
28 47 
3 28 89 90 
30 87 91 
28 30 31 92 
88 93 
88 93 94 
15 32 
14 95 
31 33 
88 96 
51 52 
51 52 85 
54 55 59 97 98 
54 59 97 
24 34 99 
9 100 
35 53 57 101 
35 36 
37 61 
3 4 37 73 
102 
62 68 
85 103 
22 67 
69 85 
75 85 104 105 
106 
38 39 61 
