1 2 3 4 5 6 7 8 9 10 11 12 13 14 15 16 17 
2 7 9 18 19 20 21 22 23 24 25 26 27 28 29 30 31 32 
2 9 33 34 35 
1 10 36 37 38 39 
2 4 10 32 38 40 41 42 43 
2 9 26 36 39 44 45 46 47 48 49 
38 50 51 52 53 
50 54 55 56 57 58 59 
60 61 62 
9 50 59 63 64 65 
60 66 67 68 
2 14 69 70 71 72 
60 61 
54 59 73 74 75 76 77 
43 51 76 78 
9 72 79 80 81 82 83 
42 56 79 83 
1 83 84 85 86 87 
7 43 61 72 79 
60 61 
9 61 86 88 89 90 
7 56 72 76 81 91 92 93 94 95 96 97 
2 7 56 98 99 100 101 
5 7 99 100 102 103 104 105 106 107 
7 60 72 80 108 
51 72 109 110 111 112 
110 111 113 114 115 116 117 118 119 120 121 122 123 
111 120 124 125 
120 124 125 126 127 128 129 130 
64 76 131 132 133 134 
135 136 137 138 139 
43 96 140 
43 56 140 141 142 143 
77 89 96 140 141 144 145 146 147 148 149 150 151 
1 14 36 76 107 120 152 
1 153 
152 154 155 156 
73 86 139 152 157 158 159 160 
113 152 161 
2 7 92 162 163 164 165 
1 2 14 
2 11 14 164 166 
14 76 164 
